1 2251050 -72.988075499994 67.260115654448 224.44626998901 0
2 2251060 -72.988154287717 67.260076200272 224.44515991211 0
3 2251070 -72.988233075439 67.260036746096 224.44404983521 0
4 2251080 -72.988329892356 67.259988498253 224.44089317322 0
5 2251090 -72.988426709274 67.25994025041 224.43773651123 0
6 2251100 -72.988513553515 67.259897247836 224.3749961853 0
7 2251110 -72.988600397756 67.259854245261 224.31225585938 0
8 2251120 -72.988687937695 67.259811568391 224.16140937805 0
9 2251130 -72.988775477634 67.259768891521 224.01056289673 0
10 2251140 -72.988870469456 67.259723836681 223.87894630432 0
11 2251150 -72.988965461279 67.25967878184 223.74732971191 0
12 2251160 -72.989048783786 67.2596395781 223.5564994812 0
13 2251170 -72.989132106292 67.25960037436 223.36566925049 0
14 2251180 -72.989219462426 67.259559499813 223.16235351562 0
15 2251190 -72.98930681856 67.259518625266 222.95903778076 0
16 2251200 -72.989412056512 67.259469542876 222.48567581177 0
17 2251210 -72.989517294465 67.259420460487 222.01231384277 0
18 2251220 -72.989579784615 67.259391277686 221.8042640686 0.5
19 2251230 -72.989642274766 67.259362094886 221.59621429443 1
20 2251240 -72.989744277174 67.259314348852 221.61586761475 1.5403625488281
21 2251250 -72.989835077869 67.259272034841 221.63552093506 2.1677192687988
22 2251260 -72.989922979008 67.259231126954 221.63830184937 2.6187705993652
23 2251270 -72.990015968662 67.259187137194 221.64108276367 2.8183326721191
24 2251280 -72.990106437222 67.259143695248 221.63072395325 3.0208301544189
25 2251290 -72.990197598331 67.25909985709 221.62036514282 3.2444648742676
26 2251300 -72.990293460971 67.259053700181 221.62413597107 3.3453369140625
27 2251310 -72.990389323612 67.259007543273 221.62790679932 3.4462089538574
28 2251320 -72.99046581681 67.258970729439 221.63863372803 3.3305244445801
29 2251330 -72.990552816458 67.258928891852 221.64936065674 3.4272766113281
30 2251340 -72.990646105428 67.258884050791 221.64023780823 3.2691783905029
31 2251350 -72.990733623739 67.258842036233 221.63111495972 2.739200592041
32 2251360 -72.990822614069 67.258799482316 221.63146400452 2.590789159139
33 2251370 -72.990914629948 67.258755582816 221.63181304932 2.7389144897461
34 2251380 -72.991009784068 67.258710408207 221.62999343872 2.834716796875
35 2251390 -72.991104938187 67.258665233598 221.62817382812 2.9305191040039
36 2251400 -72.99118296596 67.258628355511 221.62241363525 2.9099159240723
37 2251410 -72.991260993734 67.258591477424 221.61665344238 2.8893127441406
38 2251420 -72.991353853699 67.258548684478 221.6166305542 2.6324825286865
39 2251430 -72.991446713665 67.258505891533 221.61660766602 2.3756523132324
40 2251440 -72.991535276392 67.258465128125 221.62062835693 2.0910186767578
41 2251450 -72.991623839118 67.258424364717 221.62464904785 1.8063850402832
42 2251460 -72.991717646414 67.258381015534 221.62671279907 1.5093154907227
43 2251470 -72.99181145371 67.258337666352 221.62877655029 1.2122459411621
44 2251480 -72.991901640179 67.258295687218 221.62951660156 0.97683525085449
45 2251490 -72.991991826648 67.258253708084 221.63025665283 0.74142456054688
46 2251500 -72.992066674561 67.258218515735 221.83707809448 0.37071228027344
47 2251510 -72.992141522474 67.258183323385 222.04389953613 0
48 2251520 -72.992231275088 67.258140688924 222.06730079651 0
49 2251530 -72.992321027702 67.258098054463 222.09070205688 0
50 2251540 -72.992417503179 67.258051663363 222.02714920044 0
51 2251550 -72.992513978655 67.258005272264 221.96359634399 0
52 2251560 -72.992609919481 67.257957540504 221.786277771 0
53 2251570 -72.992705860306 67.257909808744 221.608959198 0
54 2251580 -72.992778025864 67.257873621005 221.59426689148 0
55 2251590 -72.992850191421 67.257837433267 221.57957458496 0
56 2251600 -72.992951261399 67.257786586534 221.59890365601 0
57 2251610 -72.993052331376 67.257735739801 221.61823272705 0
58 2251620 -72.993126866526 67.25769827301 221.61390113831 0.011053085327148
59 2251630 -72.993201401675 67.257660806219 221.60956954956 0.022106170654297
60 2251640 -72.993285281645 67.257618946866 221.61283874512 0.76415824890137
61 2251650 -72.993369161615 67.257577087514 221.61610794067 1.5062103271484
62 2251660 -72.993465814485 67.257529118003 221.62306022644 1.5167694091797
63 2251670 -72.993562467355 67.257481148492 221.63001251221 1.5273284912109
64 2251680 -72.993652352127 67.257436976037 221.64134597778 1.6899833679199
65 2251690 -72.9937422369 67.257392803581 221.65267944336 1.8526382446289
66 2251700 -72.993831661155 67.257350107819 221.64564704895 1.9530773162842
67 2251710 -72.993921085409 67.257307412057 221.63861465454 2.0535163879395
68 2251720 -72.993999472031 67.257270399786 221.63111305237 2.3024158477783
69 2251730 -72.994077858653 67.257233387515 221.6236114502 2.5513153076172
70 2251740 -72.994176358294 67.257187185733 221.63037109375 2.432362874349
71 2251750 -72.994276401696 67.257140342373 221.6371307373 2.5554389953613
72 2251760 -72.994369261041 67.257096987642 221.6429977417 2.6651077270508
73 2251770 -72.994461776779 67.257053862129 221.64886474609 2.45290184021
74 2251780 -72.994547369632 67.25701401392 221.63961791992 2.4470405578613
75 2251790 -72.994629523252 67.256975818333 221.63037109375 2.5617694854736
76 2251800 -72.994724974526 67.256931375357 221.63241958618 2.4782473246256
77 2251810 -72.994821855589 67.256886210666 221.63446807861 2.3533782958984
78 2251820 -72.994905396014 67.256847382098 221.63682174683 2.3543739318848
79 2251830 -72.994987325213 67.25680909438 221.63917541504 2.4073104858398
80 2251840 -72.995071723254 67.256769195196 221.63625335693 2.4003664652506
81 2251850 -72.995160201365 67.256727143695 221.63333129883 2.2868766784668
82 2251860 -72.995251204545 67.256683773997 221.63369369507 2.1846485137939
83 2251870 -72.995342207725 67.2566404043 221.63405609131 2.0824203491211
84 2251880 -72.995432136131 67.256597377579 221.64406204224 1.8465156555176
85 2251890 -72.995522064536 67.256554350858 221.65406799316 1.6106109619141
86 2251900 -72.995616690524 67.256508939971 221.63015365601 1.6071949005127
87 2251910 -72.995711316512 67.256463529085 221.60623931885 1.6037788391113
88 2251920 -72.995793711819 67.256423948991 221.60228729248 1.7463970184326
89 2251930 -72.995876107126 67.256384368896 221.59833526611 1.8890151977539
90 2251940 -72.995961551678 67.25634327978 221.60355949402 1.9197826385498
91 2251950 -72.99604699623 67.256302190664 221.60878372192 1.9505500793457
92 2251960 -72.996132545128 67.256260998959 221.60760307312 2.136381149292
93 2251970 -72.996218094027 67.256219807254 221.60642242432 2.3222122192383
94 2251980 -72.996308355549 67.256176693003 221.60405540466 2.3129539489746
95 2251990 -72.996398617071 67.256133578753 221.60168838501 2.3036956787109
96 2252000 -72.99648262298 67.256093415404 221.61713218689 1.9280281066895
97 2252010 -72.996566628889 67.256053252055 221.63257598877 1.552360534668
98 2252020 -72.996660374405 67.256008316315 222.41730499268 0.77618026733398
99 2252030 -72.996754119921 67.255963380575 223.20203399658 0
100 2252040 -72.996838254718 67.255923090082 223.54690170288 0
101 2252050 -72.996922389515 67.25588279959 223.89176940918 0
102 2252060 -72.997012020914 67.255839816793 224.15156555176 0
103 2252070 -72.997101652312 67.255796833996 224.41136169434 0
104 2252080 -72.997185358187 67.255756629627 224.5203666687 0
105 2252090 -72.997269064061 67.255716425259 224.62937164307 0
106 2252100 -72.997372019035 67.255666982426 224.80248832703 0
107 2252110 -72.997474974009 67.255617539593 224.97560501099 0
108 2252120 -72.997558199346 67.255577038439 225.10992622375 0
109 2252130 -72.997641424683 67.255536537285 225.24424743652 0
110 2252140 -72.997734701718 67.255491141853 225.3498210907 0
111 2252150 -72.997827978753 67.255445746422 225.45539474487 0
112 2252160 -72.99791450143 67.25540378032 225.57456588745 0
113 2252170 -72.998001024107 67.255361814219 225.69373703003 0
114 2252180 -72.998088544012 67.255319589311 225.7295589447 0
115 2252190 -72.998176063917 67.255277364403 225.76538085938 0
116 2252200 -72.998268838392 67.255232924895 225.77722930908 0
117 2252210 -72.998361612867 67.255188485387 225.78907775879 0
118 2252220 -72.998447096199 67.255147845298 225.69805908203 0
119 2252230 -72.99853257953 67.255107205209 225.60704040527 0
120 2252240 -72.998623409816 67.255064165638 225.47271347046 0
121 2252250 -72.998714240102 67.255021126066 225.33838653564 0
122 2252260 -72.998806532895 67.254978507891 225.28893661499 0
123 2252270 -72.998898825687 67.254935889716 225.23948669434 0
124 2252280 -72.998986725965 67.254895542594 225.26588821411 0
125 2252290 -72.999074626243 67.254855195473 225.29228973389 0
126 2252300 -72.999155732464 67.254817904782 225.30527877808 0
127 2252310 -72.999236838684 67.254780614092 225.31826782227 0
128 2252320 -72.999331279792 67.254736920869 225.38185882568 0
129 2252330 -72.999425720899 67.254693227647 225.4454498291 0
130 2252340 -72.999521750483 67.254648336659 225.46439361572 0
131 2252350 -72.999617780067 67.254603445671 225.48333740234 0
132 2252360 -72.999704246134 67.254562487212 225.51107025146 0
133 2252370 -72.999790712201 67.254521528754 225.53880310059 0
134 2252380 -72.999859615888 67.254488667595 225.51627349854 0
135 2252390 -72.999928519574 67.254455806436 225.49374389648 0
