1 2124010 -71.860100941484 67.766912758154 100.3185634613 0
2 2124020 -71.860168753905 67.766884572777 100.24507236481 0
3 2124030 -71.860236566326 67.766856387401 100.17158126831 0
4 2124040 -71.860329952971 67.766817434044 100.12287902832 0
5 2124050 -71.860423339617 67.766778480687 100.07417678833 0
6 2124060 -71.860508656865 67.766742654667 100.004322052 0
7 2124070 -71.860593974114 67.766706828646 99.934467315674 0
8 2124080 -71.860680344263 67.766670236581 99.854879379272 0
9 2124090 -71.860766714412 67.766633644515 99.775291442871 0
10 2124100 -71.860846771693 67.766599376301 99.77734375 0
11 2124110 -71.860926828974 67.766565108086 99.779396057129 0
12 2124120 -71.861022951188 67.766523543213 99.744937896729 0
13 2124130 -71.861119073402 67.76648197834 99.710479736328 0
14 2124140 -71.861221541215 67.766436386013 99.617473602295 0
15 2124150 -71.861324009028 67.766390793687 99.524467468262 0
16 2124160 -71.861400206131 67.766356674691 99.490047454834 0
17 2124170 -71.861476403235 67.766322555695 99.455627441406 0
18 2124180 -71.861576650086 67.766277560374 99.352096557617 0
19 2124190 -71.861676896937 67.766232565052 99.248565673828 0
20 2124200 -71.86175150086 67.766199098548 99.21996307373 0
21 2124210 -71.861826104783 67.766165632044 99.191360473633 0
22 2124220 -71.86192292556 67.766122360613 99.15745639801 0
23 2124230 -71.862019746337 67.766079089182 99.123552322388 0
24 2124240 -71.862098777403 67.766043989867 99.104289054871 0
25 2124250 -71.862177808468 67.766008890551 99.085025787354 0
26 2124260 -71.862265939456 67.765969934921 99.03549861908 0
27 2124270 -71.862354070445 67.765930979291 98.985971450806 0
28 2124280 -71.862454758451 67.765887830075 98.963250160217 0
29 2124290 -71.862555446457 67.76584468086 98.940528869629 0
30 2124300 -71.862638307894 67.765809376539 98.852466583252 0
31 2124310 -71.86272116933 67.765774072219 98.764404296875 0
32 2124320 -71.862820654965 67.765731794503 98.627300262451 0
33 2124330 -71.862920140599 67.765689516788 98.490196228027 0
34 2124340 -71.862991007373 67.765659385478 98.340784072876 0
35 2124350 -71.863061874146 67.765629254168 98.191371917725 0
36 2124360 -71.863163554311 67.765585856269 98.184020996094 0
37 2124370 -71.863265234476 67.765542458371 98.176670074463 0
38 2124380 -71.863353997839 67.765504367843 98.183288574219 0
39 2124390 -71.863442761201 67.765466277314 98.189907073975 0
40 2124400 -71.863520881464 67.765432723607 98.228239059448 0
41 2124410 -71.863599001728 67.7653991699 98.266571044922 0
42 2124420 -71.863697344293 67.765355559298 98.386031150818 0
43 2124430 -71.863795686859 67.765311948696 98.505491256714 0
44 2124440 -71.863891837964 67.765269250693 98.573101997375 0
45 2124450 -71.863987989069 67.76522655269 98.640712738037 0
46 2124460 -71.864063250199 67.765193217568 98.686464309692 0
47 2124470 -71.864138511329 67.765159882445 98.732215881348 0
48 2124480 -71.864225582882 67.765121550082 98.528026580811 0
49 2124490 -71.864312654434 67.765083217718 98.323837280273 0
50 2124500 -71.864406397292 67.765042309798 98.22251701355 0
51 2124510 -71.864500140149 67.765001401879 98.121196746826 0
52 2124520 -71.864587648773 67.764963634698 98.125524520874 0
53 2124530 -71.864675157396 67.764925867518 98.129852294922 0
54 2124540 -71.864773331657 67.764883975272 98.089792251587 0
55 2124550 -71.864871505917 67.764842083026 98.049732208252 0
56 2124560 -71.864965978513 67.764803298331 98.015092849731 0
57 2124570 -71.865060451109 67.764764513635 97.980453491211 0
58 2124580 -71.865129692167 67.76473633035 97.944519042969 0
59 2124590 -71.865198933224 67.764708147065 97.908584594727 0
60 2124600 -71.865305759877 67.764664729914 97.903725624084 0
61 2124610 -71.865412586531 67.764621312763 97.898866653442 0
62 2124620 -71.865488802782 67.76459022346 97.867367744446 0
63 2124630 -71.865565019034 67.764559134157 97.835868835449 0
64 2124640 -71.865652184289 67.764523293656 97.810054779053 0
65 2124650 -71.865739349544 67.764487453156 97.784240722656 0
66 2124660 -71.865828727413 67.764450258128 97.686985015869 0
67 2124670 -71.865918105283 67.764413063101 97.589729309082 0
68 2124680 -71.866009063474 67.764374774903 97.521425247192 0
69 2124690 -71.866100021666 67.764336486706 97.453121185303 0
70 2124700 -71.866196349734 67.764294197517 97.400156021118 0
71 2124710 -71.866292677802 67.764251908329 97.347190856934 0
72 2124720 -71.86637075949 67.764217154913 97.152271270752 0
73 2124730 -71.866448841179 67.764182401497 96.95735168457 0
74 2124740 -71.866537737225 67.764142640521 96.68306350708 0
75 2124750 -71.866626633271 67.764102879545 96.40877532959 0
76 2124760 -71.866727600206 67.764057704363 96.164947509766 0
77 2124770 -71.866828567142 67.76401252918 95.921119689941 0
78 2124780 -71.866906877803 67.763977658321 95.741247177124 0
79 2124790 -71.866985188465 67.763942787462 95.561374664307 0
80 2124800 -71.867071784442 67.763904513466 95.454162597656 0
81 2124810 -71.867158380419 67.76386623947 95.346950531006 0
82 2124820 -71.86725921975 67.763822048955 95.202070236206 0
83 2124830 -71.867360059081 67.763777858441 95.057189941406 0
84 2124840 -71.86742162694 67.763751780242 95.060028076172 0.020838419596359
85 2124850 -71.867499034127 67.763719357472 95.062866210938 1.0251474380493
86 2124860 -71.867596361542 67.763678853856 95.06237411499 2.125415802002
87 2124870 -71.867697769858 67.763636613965 95.061882019043 2.3415031433105
88 2124880 -71.86778621052 67.763599854722 95.064912796021 2.5116882324219
89 2124890 -71.867874651182 67.763563095479 95.067943572998 2.6818733215332
90 2124900 -71.867965438035 67.763525360637 95.064391136169 2.6995210647583
91 2124910 -71.868056224888 67.763487625795 95.060838699341 2.7171688079834
92 2124920 -71.868153076715 67.763447034138 95.062899589539 2.412691116333
93 2124930 -71.868249928541 67.763406442482 95.064960479736 2.1082134246826
94 2124940 -71.868353730942 67.763362458744 95.062541007996 1.0720100402832
95 2124950 -71.868457533344 67.763318475007 95.060121536255 0.035806655883789
96 2124960 -71.868519554783 67.763292148807 95.044936180115 0.017903327941895
97 2124970 -71.868581576223 67.763265822608 95.029750823975 0
98 2124980 -71.868662318908 67.763230655125 95.045497894287 0.039665222167969
99 2124990 -71.868758065147 67.763188672931 95.0612449646 1.1907749176025
100 2125000 -71.868856984652 67.763144952348 95.060789108276 2.5858154296875
101 2125010 -71.868962683021 67.763097640579 95.060333251953 1.4560699462891
102 2125020 -71.869060199287 67.763053846915 95.0521068573 0.033716201782227
103 2125030 -71.869130924297 67.763022238865 95.043880462646 0
104 2125040 -71.869211300305 67.762986405173 95.109818458557 0
105 2125050 -71.869291676312 67.762950571481 95.175756454468 0
106 2125060 -71.869367349002 67.762916996955 95.209658622742 0
107 2125070 -71.869443021691 67.762883422429 95.243560791016 0
108 2125080 -71.869553471006 67.762834925238 95.25302696228 0
109 2125090 -71.869663920321 67.762786428047 95.262493133545 0
110 2125100 -71.869737129963 67.762754485299 95.270250320435 0
111 2125110 -71.869810339605 67.762722542551 95.278007507324 0
112 2125120 -71.869896832594 67.762686022264 95.262069702148 0
113 2125130 -71.869983325583 67.762649501976 95.246131896973 0
114 2125140 -71.870088275928 67.762606106532 95.239177703857 0
115 2125150 -71.870193226272 67.762562711089 95.232223510742 0
116 2125160 -71.870287133469 67.762524132957 95.21798324585 0
117 2125170 -71.870381040666 67.762485554824 95.203742980957 0
118 2125180 -71.870468891307 67.76244948549 95.222057342529 0
119 2125190 -71.870556741948 67.762413416156 95.240371704102 0
120 2125200 -71.870626734131 67.76238457926 95.255699157715 0
121 2125210 -71.870696726314 67.762355742364 95.271026611328 0
122 2125220 -71.870794262099 67.762315285191 95.260404586792 0
123 2125230 -71.870891797883 67.762274828019 95.249782562256 0
124 2125240 -71.870976636893 67.762239390767 95.251577377319 0
125 2125250 -71.871061475902 67.762203953516 95.253372192383 0
126 2125260 -71.871153878647 67.762164245803 95.242736816406 0
127 2125270 -71.871246281392 67.76212453809 95.23210144043 0
128 2125280 -71.871342386219 67.762082446882 95.244438171387 0
129 2125290 -71.871438491046 67.762040355674 95.256774902344 0
130 2125300 -71.871525444988 67.762002004127 95.234188079834 0
131 2125310 -71.871612398929 67.761963652581 95.211601257324 0
132 2125320 -71.87170527758 67.761922533883 95.205089569092 0
133 2125330 -71.871798156231 67.761881415185 95.198577880859 0
134 2125340 -71.871892877805 67.761839466954 95.209932327271 0
135 2125350 -71.871987599379 67.761797518723 95.221286773682 0
136 2125360 -71.872062370569 67.761764489266 95.219044685364 0
137 2125370 -71.872137141759 67.761731459809 95.216802597046 0
138 2125380 -71.872221456284 67.761694293413 95.228602409363 0
139 2125390 -71.872305770809 67.761657127017 95.24040222168 0
140 2125400 -71.872404218998 67.761614485863 95.252824783325 0
141 2125410 -71.872502667188 67.761571844708 95.265247344971 0
142 2125420 -71.872586358793 67.761536124265 95.249460220337 0
143 2125430 -71.872670050397 67.761500403821 95.233673095703 0
144 2125440 -71.872770662159 67.761457570759 95.221969604492 0
145 2125450 -71.872871273921 67.761414737698 95.210266113281 0
146 2125460 -71.872944671998 67.761383499461 95.197896957397 0
147 2125470 -71.873018070075 67.761352261223 95.185527801514 0
148 2125480 -71.873116595182 67.76131025163 95.202847480774 0
149 2125490 -71.87321512029 67.761268242038 95.220167160034 0
150 2125500 -71.873301900778 67.761231107906 95.216371536255 0
151 2125510 -71.873388681267 67.761193973775 95.212575912476 0
152 2125520 -71.873481448523 67.761154332398 95.119387626648 0
153 2125530 -71.87357421578 67.761114691022 95.02619934082 0
154 2125540 -71.873639133306 67.761086462711 95.034136772156 0.02625560760498
155 2125550 -71.873726893664 67.761048149243 95.042074203491 1.4816808700562
156 2125560 -71.873832557638 67.761001740028 95.053534507751 3.2974418004354
157 2125570 -71.873933282393 67.760957320223 95.064994812012 4.0408458709717
158 2125580 -71.874024706014 67.760917063668 95.053302764893 4.1306409835815
159 2125590 -71.874116129636 67.760876807113 95.041610717773 4.2204360961914
160 2125600 -71.874194829408 67.760842370485 95.041385650635 4.3248901367188
161 2125610 -71.874273529181 67.760807933856 95.041160583496 4.4293441772461
162 2125620 -71.874381488829 67.760761170796 95.051048278809 4.5054235458374
163 2125630 -71.874489448477 67.760714407737 95.060935974121 4.5815029144287
164 2125640 -71.874554311544 67.760686639121 95.041450500488 4.5710144042969
165 2125650 -71.874619174612 67.760658870505 95.021965026855 4.560525894165
166 2125660 -71.874706295088 67.760621890427 95.033493041992 4.3081998825073
167 2125670 -71.874793415565 67.760584910348 95.045021057129 4.0558738708496
168 2125680 -71.874896078159 67.760542593879 95.050941467285 3.9522714614868
169 2125690 -71.874998740753 67.76050027741 95.056861877441 3.848669052124
170 2125700 -71.87508918589 67.760464004873 95.045878410339 3.7072315216064
171 2125710 -71.875179631027 67.760427732336 95.034894943237 3.5657939910889
172 2125720 -71.875257753396 67.760396517709 95.041104316711 3.3608255386353
173 2125730 -71.875335875764 67.760365303081 95.047313690186 3.1558570861816
174 2125740 -71.875426450879 67.760329019358 95.043811798096 2.7331848144531
175 2125750 -71.875517025995 67.760292735636 95.040309906006 2.3105125427246
176 2125760 -71.875608968354 67.760255631021 95.036655426025 2.1490316390991
177 2125770 -71.875700910714 67.760218526407 95.033000946045 1.9875507354736
178 2125780 -71.875778738388 67.760186756904 95.044666290283 1.8639326095581
179 2125790 -71.875856566062 67.760154987401 95.056331634521 1.7403144836426
180 2125800 -71.875948823847 67.76011685004 95.044760704041 1.402289390564
181 2125810 -71.876041081632 67.76007871268 95.03318977356 1.0642642974854
182 2125820 -71.876119135062 67.760045502101 95.056079864502 0.52160263061523
183 2125830 -71.876197188491 67.760012291523 95.078969955444 0
184 2125840 -71.876295370782 67.759969093488 95.466094017029 0
185 2125850 -71.876393553073 67.759925895453 95.853218078613 0
186 2125860 -71.876484106109 67.759885605529 96.074268341064 0
187 2125870 -71.876574659145 67.759845315605 96.295318603516 0
188 2125880 -71.876666404728 67.759804268018 96.633445739746 0
189 2125890 -71.876758150311 67.75976322043 96.971572875977 0
190 2125900 -71.876848246183 67.759722884368 97.251269340515 0
191 2125910 -71.876938342055 67.759682548306 97.530965805054 0
192 2125920 -71.87701970261 67.759646260983 97.723561286926 0
193 2125930 -71.877101063166 67.759609973661 97.916156768799 0
194 2125940 -71.877190227117 67.759570407972 98.248127937317 0
195 2125950 -71.877279391068 67.759530842284 98.580099105835 0
196 2125960 -71.877382282049 67.759486022699 98.916191101074 0
197 2125970 -71.877485173029 67.759441203114 99.252283096313 0
198 2125980 -71.87757266029 67.759404115672 99.528143882751 0
199 2125990 -71.87766014755 67.759367028229 99.804004669189 0
200 2126000 -71.877752633721 67.759328049592 100.10090446472 0
201 2126010 -71.877845119891 67.759289070954 100.39780426025 0
202 2126020 -71.877934515743 67.759251477206 100.75957298279 0
203 2126030 -71.878023911594 67.759213883458 101.12134170532 0
204 2126040 -71.878105545651 67.759179515704 101.49461936951 0
205 2126050 -71.878187179708 67.759145147951 101.86789703369 0
206 2126060 -71.87828393652 67.759104242377 102.36224365234 0
207 2126070 -71.878380693332 67.759063336803 102.856590271 0
208 2126080 -71.878462616571 67.759028627197 103.26921463013 0
209 2126090 -71.878544539811 67.758993917591 103.68183898926 0
210 2126100 -71.878635362058 67.758954685034 103.98822975159 0
211 2126110 -71.878726184306 67.758915452477 104.29462051392 0
212 2126120 -71.878806216389 67.758880114131 104.71164512634 0
213 2126130 -71.878886248472 67.758844775784 105.12866973877 0
214 2126140 -71.878983489839 67.758801743113 105.46572589874 0
215 2126150 -71.879080731207 67.758758710443 105.80278205872 0
216 2126160 -71.879165250361 67.758721367897 106.1666021347 0
217 2126170 -71.879249769516 67.758684025351 106.53042221069 0
218 2126180 -71.879327158085 67.758649988374 106.88712024689 0
219 2126190 -71.879404546655 67.758615951398 107.24381828308 0
220 2126200 -71.879504678575 67.758572266602 107.68304920197 0
221 2126210 -71.879604810496 67.758528581807 108.12228012085 0
222 2126220 -71.879692312668 67.758490718944 108.46769809723 0
223 2126230 -71.879779814839 67.758452856081 108.81311607361 0
224 2126240 -71.879852567195 67.758421704645 109.08646297455 0
225 2126250 -71.879925319551 67.758390553208 109.35980987549 0
