FID,Z,Lat,Lon
0,0.000000000000000,-72.9029999,67.3000031
1,0.000000000000000,-72.9027023,67.3001022
2,0.000000000000000,-72.9024963,67.3002014
3,0.000000000000000,-72.9021988,67.3003998
4,0.000000000000000,-72.9019012,67.3004990
5,0.000000000000000,-72.9017029,67.3005981
6,0.000000000000000,-72.9013977,67.3006973
7,0.000000000000000,-72.9011002,67.3009033
8,0.000000000000000,-72.9009018,67.3010025
9,0.000000000000000,-72.9005966,67.3011017
10,0.000000000000000,-72.9002991,67.3012009
11,0.000000000000000,-72.9001007,67.3013992
12,0.000000000000000,-72.8998032,67.3014984
13,0.000000000000000,-72.8994980,67.3015976
14,0.000000000000000,-72.8992996,67.3016968
15,0.000000000000000,-72.8990021,67.3019028
16,0.000000000000000,-72.8986969,67.3020020
17,0.000000000000000,-72.8984985,67.3021011
18,0.000000000000000,-72.8982010,67.3022003
19,0.000000000000000,-72.8979034,67.3023987
20,0.000000000000000,-72.8976974,67.3024979
21,0.000000000000000,-72.8973999,67.3025970
22,0.000000000000000,-72.8971024,67.3026962
23,0.000000000000000,-72.8968964,67.3029022
24,0.000000000000000,-72.8965988,67.3030014
25,0.000000000000000,-72.8963013,67.3031006
26,0.000000000000000,-72.8960037,67.3032990
27,0.000000000000000,-72.8957977,67.3033981
28,0.000000000000000,-72.8955002,67.3034973
29,0.000000000000000,-72.8952026,67.3035965
30,0.000000000000000,-72.8949966,67.3038025
31,0.000000000000000,-72.8946991,67.3039017
32,0.000000000000000,-72.8944016,67.3040009
33,3.014200000010000,-72.8942032,67.3041000
34,0.000000000000000,-72.8938980,67.3042984
35,0.000000000000000,-72.8936005,67.3043976
36,17.135000000000002,-72.8934021,67.3044968
37,1.482800000000000,-72.8930969,67.3046036
38,314.586500000000000,-72.8927994,67.3048019
39,556.384000000000010,-72.8926010,67.3049011
40,792.706199999999970,-72.8923035,67.3050003
41,976.852300000000010,-72.8919983,67.3050995
42,1067.128600000000000,-72.8917999,67.3052979
43,1234.106700000000000,-72.8915024,67.3053970
44,1482.789100000000000,-72.8911972,67.3054962
45,1635.783899999999900,-72.8909988,67.3056030
46,1568.905400000000100,-72.8907013,67.3058014
47,1380.972199999999900,-72.8904037,67.3059006
48,1279.821799999999900,-72.8901978,67.3059998
49,1310.665800000000000,-72.8899002,67.3061981
50,1174.030500000000100,-72.8896027,67.3062973
51,1098.518100000000000,-72.8893967,67.3063965
52,976.313800000000010,-72.8890991,67.3065033
53,860.977999999999950,-72.8888016,67.3067017
54,782.450900000000050,-72.8886032,67.3068008
55,773.299800000000000,-72.8882980,67.3069000
56,727.367600000000040,-72.8880005,67.3069992
57,934.638500000000020,-72.8878021,67.3071976
58,752.190799999999970,-72.8874969,67.3072968
59,557.629900000000020,-72.8871994,67.3074036
60,422.001399999999990,-72.8870010,67.3075027
61,588.757299999999990,-72.8867035,67.3077011
62,393.455499999999970,-72.8863983,67.3078003
63,298.734800000000010,-72.8862000,67.3078995
64,337.399600000000020,-72.8859024,67.3079987
65,400.149600000000020,-72.8855972,67.3081970
66,514.951299999999950,-72.8853989,67.3082962
67,379.831000000000020,-72.8851013,67.3084030
68,198.169600000000000,-72.8848038,67.3085022
69,511.539400000000000,-72.8845978,67.3087006
70,816.824399999999970,-72.8843002,67.3087997
71,901.086199999999960,-72.8840027,67.3088989
72,914.107600000000050,-72.8837967,67.3090973
73,672.386499999999960,-72.8834991,67.3091965
74,503.368600000000010,-72.8832016,67.3093033
75,444.204500000000000,-72.8828964,67.3094025
76,239.025000000000010,-72.8826981,67.3096008
77,113.479200000000010,-72.8824005,67.3097000
78,70.823499999999996,-72.8821030,67.3097992
79,143.468999999999990,-72.8818970,67.3098984
80,593.374199999999970,-72.8815994,67.3100967
81,870.965500000000020,-72.8813019,67.3102036
82,982.242300000000000,-72.8811035,67.3103027
83,1151.579199999999900,-72.8807983,67.3104019
84,1310.994400000000000,-72.8805008,67.3106003
85,1496.602699999999900,-72.8803024,67.3106995
86,1623.450800000000100,-72.8799973,67.3107986
87,1547.161300000000000,-72.8796997,67.3108978
88,1560.152200000000000,-72.8795013,67.3110962
89,1561.063799999999900,-72.8792038,67.3112030
90,1311.563100000000100,-72.8788986,67.3113022
91,1011.546700000000000,-72.8787003,67.3114014
92,907.867899999999960,-72.8784027,67.3115997
93,456.294400000000000,-72.8780975,67.3116989
94,310.413299999999990,-72.8778992,67.3117981
95,386.723700000000010,-72.8776016,67.3118973
96,111.920700000000000,-72.8772964,67.3121033
97,0.000000000000000,-72.8770981,67.3122025
98,0.000000000000000,-72.8768005,67.3123016
99,0.000000000000000,-72.8765030,67.3124008
100,0.000000000000000,-72.8762970,67.3125992
101,0.000000000000000,-72.8759995,67.3126984
102,0.000000000000000,-72.8757019,67.3127975
103,0.000000000000000,-72.8755035,67.3130035
104,0.000000000000000,-72.8751984,67.3131027
105,0.000000000000000,-72.8749008,67.3132019
106,0.000000000000000,-72.8747025,67.3133011
107,0.000000000000000,-72.8743973,67.3134995
108,0.000000000000000,-72.8740997,67.3135986
109,0.000000000000000,-72.8739014,67.3136978
110,0.000000000000000,-72.8735962,67.3137970
111,0.000000000000000,-72.8732986,67.3140030
112,0.000000000000000,-72.8731003,67.3141022
113,0.000000000000000,-72.8728027,67.3142014
114,0.000000000000000,-72.8724976,67.3143005
115,0.000000000000000,-72.8722992,67.3144989
116,0.000000000000000,-72.8720016,67.3145981
117,0.000000000000000,-72.8716965,67.3146973
118,0.000000000000000,-72.8714981,67.3147964
119,0.000000000000000,-72.8712006,67.3150024
120,0.000000000000000,-72.8709030,67.3151016
121,0.000000000000000,-72.8706970,67.3152008
122,0.000000000000000,-72.8703995,67.3153000
123,0.000000000000000,-72.8701019,67.3154984
124,0.000000000000000,-72.8697968,67.3155975
125,0.000000000000000,-72.8695984,67.3156967
126,0.000000000000000,-72.8693008,67.3158035
127,0.000000000000000,-72.8690033,67.3160019
128,0.000000000000000,-72.8687973,67.3161011
129,0.000000000000000,-72.8684998,67.3162003
130,0.000000000000000,-72.8682022,67.3162994
131,0.000000000000000,-72.8679962,67.3164978
132,0.000000000000000,-72.8676987,67.3165970
133,0.000000000000000,-72.8674011,67.3167038
134,0.000000000000000,-72.8672028,67.3168030
135,0.000000000000000,-72.8668976,67.3170013
136,0.000000000000000,-72.8666000,67.3171005
137,0.000000000000000,-72.8664017,67.3171997
138,0.000000000000000,-72.8660965,67.3172989
139,0.000000000000000,-72.8657990,67.3174973
140,0.000000000000000,-72.8656006,67.3175964
141,0.000000000000000,-72.8653030,67.3177032
142,0.000000000000000,-72.8649979,67.3178024
143,0.000000000000000,-72.8647995,67.3180008
144,0.000000000000000,-72.8645020,67.3181000
145,0.000000000000000,-72.8641968,67.3181992
146,0.000000000000000,-72.8639984,67.3183975
147,0.000000000000000,-72.8637009,67.3184967
148,0.000000000000000,-72.8634033,67.3186035
149,0.000000000000000,-72.8631973,67.3187027
150,0.000000000000000,-72.8628998,67.3189011
151,0.000000000000000,-72.8626022,67.3190002
152,0.000000000000000,-72.8623962,67.3190994
153,0.000000000000000,-72.8620987,67.3191986
154,0.000000000000000,-72.8618011,67.3193970
155,0.000000000000000,-72.8616028,67.3195038
156,0.000000000000000,-72.8612976,67.3196030
157,0.000000000000000,-72.8610001,67.3197021
158,0.000000000000000,-72.8608017,67.3199005
159,0.000000000000000,-72.8604965,67.3199997
160,0.000000000000000,-72.8601990,67.3200989
161,0.000000000000000,-72.8600006,67.3201981
162,0.000000000000000,-72.8597031,67.3203964
163,0.000000000000000,-72.8593979,67.3205032
164,0.000000000000000,-72.8591003,67.3206024
165,0.000000000000000,-72.8589020,67.3207016
166,0.000000000000000,-72.8585968,67.3209000
167,0.000000000000000,-72.8582993,67.3209991
168,0.000000000000000,-72.8581009,67.3210983
169,0.000000000000000,-72.8578033,67.3211975
170,0.000000000000000,-72.8574982,67.3214035
171,0.000000000000000,-72.8572998,67.3215027
172,0.000000000000000,-72.8570023,67.3216019
173,0.000000000000000,-72.8566971,67.3217010
174,0.000000000000000,-72.8564987,67.3218994
175,0.000000000000000,-72.8562012,67.3219986
176,0.000000000000000,-72.8559036,67.3220978
177,0.000000000000000,-72.8556976,67.3221970
178,0.000000000000000,-72.8554001,67.3224030
179,0.000000000000000,-72.8551025,67.3225021
180,0.000000000000000,-72.8548965,67.3226013
181,0.000000000000000,-72.8545990,67.3227005
182,0.000000000000000,-72.8543015,67.3228989
183,0.000000000000000,-72.8541031,67.3229980
184,0.000000000000000,-72.8537979,67.3230972
185,0.000000000000000,-72.8535004,67.3231964
186,0.000000000000000,-72.8533020,67.3234024
187,0.000000000000000,-72.8529968,67.3235016
188,0.000000000000000,-72.8526993,67.3236008
189,0.000000000000000,-72.8525009,67.3237000
190,0.000000000000000,-72.8522034,67.3238983
191,0.000000000000000,-72.8518982,67.3239975
192,0.000000000000000,-72.8516998,67.3240967
193,0.000000000000000,-72.8514023,67.3242035
194,0.000000000000000,-72.8510971,67.3244019
195,0.000000000000000,-72.8508987,67.3245010
196,0.000000000000000,-72.8506012,67.3246002
197,0.000000000000000,-72.8503036,67.3247986
198,0.000000000000000,-72.8500977,67.3248978
199,0.000000000000000,-72.8498001,67.3249969
200,0.000000000000000,-72.8495026,67.3251038
201,0.000000000000000,-72.8492966,67.3252029
202,0.000000000000000,-72.8489990,67.3254013
203,0.000000000000000,-72.8487015,67.3255005
204,0.000000000000000,-72.8483963,67.3255997
205,0.000000000000000,-72.8481979,67.3257980
206,0.000000000000000,-72.8479004,67.3258972
207,0.000000000000000,-72.8476028,67.3259964
208,0.000000000000000,-72.8473969,67.3261032
209,0.000000000000000,-72.8470993,67.3263016
210,0.000000000000000,-72.8468018,67.3264008
211,0.000000000000000,-72.8466034,67.3264999
212,0.000000000000000,-72.8462982,67.3265991
213,0.000000000000000,-72.8460007,67.3267975
214,0.000000000000000,-72.8458023,67.3268967
215,0.000000000000000,-72.8454971,67.3270035
216,0.000000000000000,-72.8451996,67.3271027
217,0.000000000000000,-72.8450012,67.3273010
218,0.000000000000000,-72.8447037,67.3274002
219,0.000000000000000,-72.8443985,67.3274994
220,0.000000000000000,-72.8442001,67.3275986
221,0.000000000000000,-72.8439026,67.3277969
222,0.000000000000000,-72.8435974,67.3279037
223,0.000000000000000,-72.8433990,67.3280029
224,0.000000000000000,-72.8431015,67.3281021
225,0.000000000000000,-72.8427963,67.3283005
226,0.000000000000000,-72.8425980,67.3283997
227,0.000000000000000,-72.8423004,67.3284988
228,0.000000000000000,-72.8420029,67.3285980
229,0.000000000000000,-72.8417969,67.3287964
230,0.000000000000000,-72.8414993,67.3289032
231,0.000000000000000,-72.8412018,67.3290024
232,0.000000000000000,-72.8410034,67.3291016
233,0.000000000000000,-72.8406982,67.3292999
234,0.000000000000000,-72.8404007,67.3293991
235,0.000000000000000,-72.8402023,67.3294983
236,0.000000000000000,-72.8398972,67.3295975
237,0.000000000000000,-72.8395996,67.3298035
238,0.000000000000000,-72.8394012,67.3299026
239,322.148199999999970,-72.8391037,67.3300018
240,342.613400000000010,-72.8387985,67.3301010
241,409.461299999999990,-72.8386002,67.3302994
242,81.536000000000001,-72.8383026,67.3303986
243,0.000000000000000,-72.8379974,67.3304977
244,0.000000000000000,-72.8377991,67.3305969
245,0.000000000000000,-72.8375015,67.3308029
246,0.000000000000000,-72.8371964,67.3309021
247,0.000000000000000,-72.8369980,67.3310013
248,0.000000000000000,-72.8367004,67.3311005
249,0.000000000000000,-72.8364029,67.3312988
250,0.000000000000000,-72.8361969,67.3313980
251,0.000000000000000,-72.8358994,67.3314972
252,0.000000000000000,-72.8356018,67.3315964
253,0.000000000000000,-72.8354034,67.3318024
254,0.000000000000000,-72.8350983,67.3319016
255,0.000000000000000,-72.8348007,67.3320007
256,0.000000000000000,-72.8345032,67.3320999
257,0.000000000000000,-72.8342972,67.3322983
258,0.000000000000000,-72.8339996,67.3323975
259,0.000000000000000,-72.8337021,67.3324966
260,0.000000000000000,-72.8335037,67.3326035
261,0.000000000000000,-72.8331985,67.3328018
262,0.000000000000000,-72.8329010,67.3329010
263,0.000000000000000,-72.8327026,67.3330002
264,0.000000000000000,-72.8323975,67.3330994
265,0.000000000000000,-72.8320999,67.3332977
266,0.000000000000000,-72.8319016,67.3333969
267,0.000000000000000,-72.8315964,67.3335037
268,0.000000000000000,-72.8312988,67.3336029
269,0.000000000000000,-72.8311005,67.3338013
270,0.000000000000000,-72.8308029,67.3339005
271,0.000000000000000,-72.8304977,67.3339996
272,0.000000000000000,-72.8302994,67.3340988
273,0.000000000000000,-72.8300018,67.3342972
274,0.000000000000000,-72.8296967,67.3343964
275,0.000000000000000,-72.8294983,67.3345032
276,0.000000000000000,-72.8292007,67.3346024
277,0.000000000000000,-72.8289032,67.3348007
278,0.000000000000000,-72.8286972,67.3348999
279,0.000000000000000,-72.8283997,67.3349991
280,0.000000000000000,-72.8281021,67.3350983
281,0.000000000000000,-72.8279037,67.3352966
282,0.000000000000000,-72.8275986,67.3354034
283,0.000000000000000,-72.8273010,67.3355026
284,0.000000000000000,-72.8271027,67.3356018
285,0.000000000000000,-72.8267975,67.3358002
286,0.000000000000000,-72.8264999,67.3358994
287,0.000000000000000,-72.8263016,67.3359985
288,0.000000000000000,-72.8259964,67.3360977
289,0.000000000000000,-72.8256989,67.3363037
290,0.000000000000000,-72.8255005,67.3364029
291,0.000000000000000,-72.8252029,67.3365021
292,0.000000000000000,-72.8248978,67.3366013
293,0.000000000000000,-72.8246994,67.3367996
294,0.000000000000000,-72.8244019,67.3368988
295,0.000000000000000,-72.8240967,67.3369980
296,0.000000000000000,-72.8238983,67.3370972
297,0.000000000000000,-72.8236008,67.3373032
298,0.000000000000000,-72.8233032,67.3374023
299,0.000000000000000,-72.8230972,67.3375015
300,0.000000000000000,-72.8227997,67.3376007
301,0.000000000000000,-72.8225021,67.3377991
302,0.000000000000000,-72.8223038,67.3378983
303,0.000000000000000,-72.8219986,67.3379974
304,0.000000000000000,-72.8217010,67.3380966
305,0.000000000000000,-72.8214035,67.3383026
306,0.000000000000000,-72.8211975,67.3384018
307,0.000000000000000,-72.8209000,67.3385010
308,0.000000000000000,-72.8206024,67.3386002
309,0.000000000000000,-72.8203964,67.3387985
310,0.000000000000000,-72.8200989,67.3388977
311,0.000000000000000,-72.8198013,67.3389969
312,0.000000000000000,-72.8196030,67.3391037
313,0.000000000000000,-72.8192978,67.3393021
314,0.000000000000000,-72.8190002,67.3394012
315,0.000000000000000,-72.8188019,67.3395004
316,0.000000000000000,-72.8184967,67.3395996
317,0.000000000000000,-72.8181992,67.3397980
318,0.000000000000000,-72.8180008,67.3398972
319,0.000000000000000,-72.8177032,67.3399963
320,0.000000000000000,-72.8173981,67.3401031
321,0.000000000000000,-72.8171997,67.3403015
322,0.000000000000000,-72.8169022,67.3404007
323,0.000000000000000,-72.8165970,67.3404999
324,0.000000000000000,-72.8163986,67.3405991
325,0.000000000000000,-72.8161011,67.3407974
326,0.000000000000000,-72.8158035,67.3408966
327,0.000000000000000,-72.8155975,67.3410034
328,0.000000000000000,-72.8153000,67.3411026
329,0.000000000000000,-72.8150024,67.3413010
330,0.000000000000000,-72.8147964,67.3414001
331,0.000000000000000,-72.8144989,67.3414993
332,0.000000000000000,-72.8142014,67.3415985
333,0.000000000000000,-72.8140030,67.3417969
334,0.000000000000000,-72.8136978,67.3419037
335,0.000000000000000,-72.8134003,67.3420029
336,0.000000000000000,-72.8132019,67.3421021
337,0.000000000000000,-72.8128967,67.3423004
338,0.000000000000000,-72.8125992,67.3423996
339,0.000000000000000,-72.8124008,67.3424988
340,0.000000000000000,-72.8121033,67.3425980
341,0.000000000000000,-72.8117981,67.3427963
342,0.000000000000000,-72.8115997,67.3429031
343,0.000000000000000,-72.8113022,67.3430023
344,0.000000000000000,-72.8109970,67.3431015
345,0.000000000000000,-72.8107986,67.3432999
346,0.000000000000000,-72.8105011,67.3433990
347,0.000000000000000,-72.8102036,67.3434982
348,0.000000000000000,-72.8099976,67.3435974
349,0.000000000000000,-72.8097000,67.3438034
350,0.000000000000000,-72.8094025,67.3439026
351,0.000000000000000,-72.8090973,67.3440018
352,0.000000000000000,-72.8088989,67.3441010
353,0.000000000000000,-72.8086014,67.3442993
354,0.000000000000000,-72.8082962,67.3443985
355,0.000000000000000,-72.8080978,67.3444977
356,0.000000000000000,-72.8078003,67.3445969
357,0.000000000000000,-72.8075027,67.3448029
358,0.000000000000000,-72.8072968,67.3449020
359,0.000000000000000,-72.8069992,67.3450012
360,0.000000000000000,-72.8067017,67.3451004
361,0.000000000000000,-72.8065033,67.3452988
362,0.000000000000000,-72.8061981,67.3453979
363,0.000000000000000,-72.8059006,67.3454971
364,0.000000000000000,-72.8057022,67.3455963
365,0.000000000000000,-72.8053970,67.3458023
366,0.000000000000000,-72.8050995,67.3459015
367,0.000000000000000,-72.8049011,67.3460007
368,0.000000000000000,-72.8046036,67.3460999
369,0.000000000000000,-72.8042984,67.3462982
370,0.000000000000000,-72.8041000,67.3463974
371,0.000000000000000,-72.8038025,67.3464966
372,0.000000000000000,-72.8034973,67.3466034
373,0.000000000000000,-72.8032990,67.3467026
374,0.000000000000000,-72.8030014,67.3469009
375,0.000000000000000,-72.8026962,67.3470001
376,0.000000000000000,-72.8024979,67.3470993
377,0.000000000000000,-72.8022003,67.3472977
378,0.000000000000000,-72.8019028,67.3473969
379,0.000000000000000,-72.8016968,67.3475037
380,0.000000000000000,-72.8013992,67.3476028
381,0.000000000000000,-72.8011017,67.3477020
382,0.000000000000000,-72.8009033,67.3479004
383,0.000000000000000,-72.8005981,67.3479996
384,0.000000000000000,-72.8003006,67.3480988
385,0.000000000000000,-72.8001022,67.3481979
386,0.000000000000000,-72.7997971,67.3483963
387,0.000000000000000,-72.7994995,67.3485031
388,0.000000000000000,-72.7993011,67.3486023
389,0.000000000000000,-72.7990036,67.3487015
390,0.000000000000000,-72.7986984,67.3488998
391,0.000000000000000,-72.7985001,67.3489990
392,0.000000000000000,-72.7982025,67.3490982
393,0.000000000000000,-72.7978973,67.3491974
394,0.000000000000000,-72.7975998,67.3494034
395,0.000000000000000,-72.7974014,67.3495026
396,0.000000000000000,-72.7970963,67.3496017
397,0.000000000000000,-72.7967987,67.3497009
398,0.000000000000000,-72.7966003,67.3498993
399,0.000000000000000,-72.7963028,67.3499985
400,0.000000000000000,-72.7959976,67.3500977
401,0.000000000000000,-72.7957993,67.3501968
402,0.000000000000000,-72.7955017,67.3504028
403,0.000000000000000,-72.7951965,67.3505020
404,0.000000000000000,-72.7949982,67.3506012
405,0.000000000000000,-72.7947006,67.3507004
406,0.000000000000000,-72.7944031,67.3508987
407,0.000000000000000,-72.7941971,67.3509979
408,0.000000000000000,-72.7938995,67.3510971
409,0.000000000000000,-72.7936020,67.3511963
410,0.000000000000000,-72.7934036,67.3514023
411,0.000000000000000,-72.7930984,67.3515015
412,0.000000000000000,-72.7928009,67.3516006
413,0.000000000000000,-72.7926025,67.3516998
414,0.000000000000000,-72.7922974,67.3518982
415,0.000000000000000,-72.7919998,67.3519974
416,0.000000000000000,-72.7918015,67.3520966
417,0.000000000000000,-72.7914963,67.3522034
418,0.000000000000000,-72.7911987,67.3524017
419,0.000000000000000,-72.7910004,67.3525009
420,0.000000000000000,-72.7907028,67.3526001
421,0.000000000000000,-72.7903976,67.3526993
422,0.000000000000000,-72.7901993,67.3528976
423,0.000000000000000,-72.7899017,67.3529968
424,0.000000000000000,-72.7895966,67.3531036
425,0.000000000000000,-72.7893982,67.3532028
426,0.000000000000000,-72.7891006,67.3534012
427,0.000000000000000,-72.7888031,67.3535004
428,0.000000000000000,-72.7885971,67.3535995
429,0.000000000000000,-72.7882996,67.3536987
430,0.000000000000000,-72.7880020,67.3538971
431,0.000000000000000,-72.7878036,67.3539963
432,0.000000000000000,-72.7874985,67.3541031
433,0.000000000000000,-72.7872009,67.3542023
434,0.000000000000000,-72.7870026,67.3543015
435,0.000000000000000,-72.7866974,67.3544998
436,0.000000000000000,-72.7863998,67.3545990
437,0.000000000000000,-72.7861023,67.3546982
438,0.000000000000000,-72.7858963,67.3547974
439,0.000000000000000,-72.7855988,67.3550034
440,0.000000000000000,-72.7853012,67.3551025
441,0.000000000000000,-72.7851028,67.3552017
442,0.000000000000000,-72.7847977,67.3553009
443,0.000000000000000,-72.7845001,67.3554993
444,0.000000000000000,-72.7843018,67.3555984
445,0.000000000000000,-72.7839966,67.3556976
446,0.000000000000000,-72.7836990,67.3557968
447,0.000000000000000,-72.7835007,67.3560028
448,0.000000000000000,-72.7832031,67.3561020
449,0.000000000000000,-72.7828979,67.3562012
450,0.000000000000000,-72.7826996,67.3563004
451,0.000000000000000,-72.7824020,67.3564987
452,0.000000000000000,-72.7820969,67.3565979
453,0.000000000000000,-72.7818985,67.3566971
454,0.000000000000000,-72.7816010,67.3567963
455,0.000000000000000,-72.7813034,67.3570023
456,0.000000000000000,-72.7810974,67.3571014
457,0.000000000000000,-72.7807999,67.3572006
458,0.000000000000000,-72.7805023,67.3572998
459,0.000000000000000,-72.7802963,67.3574982
460,0.000000000000000,-72.7799988,67.3575974
461,0.000000000000000,-72.7797012,67.3576965
462,0.000000000000000,-72.7795029,67.3578033
463,0.000000000000000,-72.7791977,67.3580017
464,0.000000000000000,-72.7789001,67.3581009
465,0.000000000000000,-72.7787018,67.3582001
466,0.000000000000000,-72.7783966,67.3582993
467,0.000000000000000,-72.7780991,67.3584976
468,0.000000000000000,-72.7779007,67.3585968
469,0.000000000000000,-72.7776031,67.3587036
470,0.000000000000000,-72.7772980,67.3588028
471,0.000000000000000,-72.7770996,67.3589020
472,0.000000000000000,-72.7768021,67.3591003
473,0.000000000000000,-72.7764969,67.3591995
474,0.000000000000000,-72.7762985,67.3592987
475,0.000000000000000,-72.7760010,67.3593979
476,0.000000000000000,-72.7757034,67.3595963
477,0.000000000000000,-72.7754974,67.3597031
478,0.000000000000000,-72.7751999,67.3598022
479,0.000000000000000,-72.7749023,67.3599014
480,0.000000000000000,-72.7746964,67.3600998
481,0.000000000000000,-72.7743988,67.3601990
482,0.000000000000000,-72.7741013,67.3602982
483,0.000000000000000,-72.7738037,67.3603973
484,0.000000000000000,-72.7735977,67.3606033
485,0.000000000000000,-72.7733002,67.3607025
486,0.000000000000000,-72.7730026,67.3608017
487,0.000000000000000,-72.7727966,67.3609009
488,0.000000000000000,-72.7724991,67.3610992
489,0.000000000000000,-72.7722015,67.3611984
490,0.000000000000000,-72.7720032,67.3612976
491,0.000000000000000,-72.7716980,67.3613968
492,0.000000000000000,-72.7714005,67.3616028
493,0.000000000000000,-72.7712021,67.3617020
494,0.000000000000000,-72.7708969,67.3618011
495,0.000000000000000,-72.7705994,67.3619003
496,0.000000000000000,-72.7704010,67.3620987
497,0.000000000000000,-72.7701035,67.3621979
498,0.000000000000000,-72.7697983,67.3622971
499,0.000000000000000,-72.7695999,67.3623962
500,0.000000000000000,-72.7693024,67.3625031
501,0.000000000000000,-72.7689972,67.3627014
502,0.000000000000000,-72.7687988,67.3628006
503,0.000000000000000,-72.7685013,67.3628998
504,0.000000000000000,-72.7682037,67.3629990
505,0.000000000000000,-72.7679977,67.3631973
506,0.000000000000000,-72.7677002,67.3632965
507,0.000000000000000,-72.7674026,67.3634033
508,0.000000000000000,-72.7671967,67.3635025
509,0.000000000000000,-72.7668991,67.3637009
510,0.000000000000000,-72.7666016,67.3638000
511,0.000000000000000,-72.7664032,67.3638992
512,0.000000000000000,-72.7660980,67.3639984
513,0.000000000000000,-72.7658005,67.3641968
514,0.000000000000000,-72.7656021,67.3643036
515,0.000000000000000,-72.7652969,67.3644028
516,0.000000000000000,-72.7649994,67.3645020
517,0.000000000000000,-72.7648010,67.3647003
518,0.000000000000000,-72.7645035,67.3647995
519,0.000000000000000,-72.7641983,67.3648987
520,0.000000000000000,-72.7639999,67.3649979
521,0.000000000000000,-72.7637024,67.3651962
522,0.000000000000000,-72.7633972,67.3653030
523,0.000000000000000,-72.7631989,67.3654022
524,0.000000000000000,-72.7629013,67.3655014
525,0.000000000000000,-72.7626038,67.3656998
526,0.000000000000000,-72.7623978,67.3657990
527,0.000000000000000,-72.7621002,67.3658981
528,0.000000000000000,-72.7618027,67.3659973
529,0.000000000000000,-72.7615967,67.3660965
530,0.000000000000000,-72.7612991,67.3663025
531,0.000000000000000,-72.7610016,67.3664017
532,0.000000000000000,-72.7606964,67.3665009
533,0.000000000000000,-72.7604980,67.3666000
534,0.000000000000000,-72.7602005,67.3667984
535,0.000000000000000,-72.7599030,67.3668976
536,0.000000000000000,-72.7596970,67.3669968
537,0.000000000000000,-72.7593994,67.3671036
538,0.000000000000000,-72.7591019,67.3673019
539,0.000000000000000,-72.7589035,67.3674011
540,0.000000000000000,-72.7585983,67.3675003
541,0.000000000000000,-72.7583008,67.3675995
542,0.000000000000000,-72.7581024,67.3677979
543,0.000000000000000,-72.7577972,67.3678970
544,0.000000000000000,-72.7574997,67.3679962
545,0.000000000000000,-72.7573013,67.3681030
546,0.000000000000000,-72.7570038,67.3683014
547,0.000000000000000,-72.7566986,67.3684006
548,0.000000000000000,-72.7565002,67.3684998
549,0.000000000000000,-72.7562027,67.3685989
550,0.000000000000000,-72.7558975,67.3687973
551,0.000000000000000,-72.7556992,67.3688965
552,0.000000000000000,-72.7554016,67.3690033
553,0.000000000000000,-72.7550964,67.3691025
554,0.000000000000000,-72.7548981,67.3692017
555,0.000000000000000,-72.7546005,67.3694000
556,0.000000000000000,-72.7543030,67.3694992
557,0.000000000000000,-72.7540970,67.3695984
558,0.000000000000000,-72.7537994,67.3696976
559,0.000000000000000,-72.7535019,67.3699036
560,0.000000000000000,-72.7533035,67.3700027
561,0.000000000000000,-72.7529984,67.3701019
562,0.000000000000000,-72.7527008,67.3702011
563,0.000000000000000,-72.7525024,67.3703995
564,0.000000000000000,-72.7521973,67.3704987
565,0.000000000000000,-72.7518997,67.3705978
566,0.000000000000000,-72.7517014,67.3706970
567,0.000000000000000,-72.7514038,67.3709030
568,0.000000000000000,-72.7510986,67.3710022
569,0.000000000000000,-72.7509003,67.3711014
570,0.000000000000000,-72.7506027,67.3712006
571,0.000000000000000,-72.7502975,67.3713989
572,0.000000000000000,-72.7500992,67.3714981
573,0.000000000000000,-72.7498016,67.3715973
574,0.000000000000000,-72.7494965,67.3716965
575,0.000000000000000,-72.7492981,67.3719025
576,0.000000000000000,-72.7490005,67.3720016
577,0.000000000000000,-72.7487030,67.3721008
578,0.000000000000000,-72.7484970,67.3722000
579,0.000000000000000,-72.7481995,67.3722992
580,0.000000000000000,-72.7479019,67.3724976
581,0.000000000000000,-72.7477036,67.3725967
582,0.000000000000000,-72.7473984,67.3727036
583,0.000000000000000,-72.7471008,67.3728027
584,0.000000000000000,-72.7468033,67.3730011
585,0.000000000000000,-72.7465973,67.3731003
586,0.000000000000000,-72.7462997,67.3731995
587,0.000000000000000,-72.7460022,67.3732986
588,0.000000000000000,-72.7457962,67.3734970
589,0.000000000000000,-72.7454987,67.3735962
590,0.000000000000000,-72.7452011,67.3737030
591,0.000000000000000,-72.7450027,67.3738022
592,0.000000000000000,-72.7446976,67.3740005
593,0.000000000000000,-72.7444000,67.3740997
594,0.000000000000000,-72.7442017,67.3741989
595,0.000000000000000,-72.7438965,67.3742981
596,0.000000000000000,-72.7435989,67.3744965
597,0.000000000000000,-72.7434006,67.3746033
598,0.000000000000000,-72.7431030,67.3747025
599,0.000000000000000,-72.7427979,67.3748016
600,0.000000000000000,-72.7425995,67.3749008
601,0.000000000000000,-72.7423019,67.3750992
602,0.000000000000000,-72.7419968,67.3751984
603,0.000000000000000,-72.7417984,67.3752975
604,0.000000000000000,-72.7415009,67.3753967
605,0.000000000000000,-72.7412033,67.3756027
606,0.000000000000000,-72.7409973,67.3757019
607,0.000000000000000,-72.7406998,67.3758011
608,0.000000000000000,-72.7404022,67.3759003
609,0.000000000000000,-72.7401962,67.3760986
610,0.000000000000000,-72.7398987,67.3761978
611,0.000000000000000,-72.7396011,67.3762970
612,0.000000000000000,-72.7394028,67.3764038
613,0.000000000000000,-72.7390976,67.3766022
614,0.000000000000000,-72.7388000,67.3767014
615,0.000000000000000,-72.7386017,67.3768005
616,0.000000000000000,-72.7382965,67.3768997
617,0.000000000000000,-72.7379990,67.3770981
618,0.000000000000000,-72.7378006,67.3771973
619,0.000000000000000,-72.7375031,67.3772964
620,0.000000000000000,-72.7371979,67.3774033
621,0.000000000000000,-72.7369995,67.3775024
622,0.000000000000000,-72.7367020,67.3777008
623,0.000000000000000,-72.7363968,67.3778000
624,0.000000000000000,-72.7361984,67.3778992
625,0.000000000000000,-72.7359009,67.3779984
626,0.000000000000000,-72.7356033,67.3781967
627,0.000000000000000,-72.7353973,67.3783035
628,0.000000000000000,-72.7350998,67.3784027
629,0.000000000000000,-72.7348022,67.3785019
630,0.000000000000000,-72.7345963,67.3787003
631,0.000000000000000,-72.7342987,67.3787994
632,0.000000000000000,-72.7340012,67.3788986
633,0.000000000000000,-72.7337036,67.3789978
634,0.000000000000000,-72.7334976,67.3792038
635,0.000000000000000,-72.7332001,67.3793030
636,0.000000000000000,-72.7329025,67.3794022
637,0.000000000000000,-72.7326965,67.3795013
638,0.000000000000000,-72.7323990,67.3796005
639,0.000000000000000,-72.7321014,67.3797989
640,0.000000000000000,-72.7319031,67.3798981
641,0.000000000000000,-72.7315979,67.3799973
642,0.000000000000000,-72.7313004,67.3800964
643,0.000000000000000,-72.7311020,67.3803024
644,0.000000000000000,-72.7307968,67.3804016
645,0.000000000000000,-72.7304993,67.3805008
646,0.000000000000000,-72.7303009,67.3806000
647,0.000000000000000,-72.7300034,67.3807983
648,0.000000000000000,-72.7296982,67.3808975
649,0.000000000000000,-72.7294998,67.3809967
650,0.000000000000000,-72.7292023,67.3811035
651,0.000000000000000,-72.7288971,67.3813019
652,0.000000000000000,-72.7286987,67.3814011
653,0.000000000000000,-72.7284012,67.3815002
654,0.000000000000000,-72.7281036,67.3815994
655,0.000000000000000,-72.7278976,67.3817978
656,0.000000000000000,-72.7276001,67.3818970
657,0.000000000000000,-72.7273026,67.3820038
658,0.000000000000000,-72.7270966,67.3821030
659,0.000000000000000,-72.7267990,67.3822021
660,0.000000000000000,-72.7265015,67.3824005
661,0.000000000000000,-72.7263031,67.3824997
662,0.000000000000000,-72.7259979,67.3825989
663,0.000000000000000,-72.7257004,67.3826981
664,0.000000000000000,-72.7255020,67.3828964
665,0.000000000000000,-72.7251968,67.3830032
666,0.000000000000000,-72.7248993,67.3831024
667,0.000000000000000,-72.7247009,67.3832016
668,0.000000000000000,-72.7244034,67.3834000
669,0.000000000000000,-72.7240982,67.3834991
670,0.000000000000000,-72.7238998,67.3835983
671,0.000000000000000,-72.7236023,67.3836975
672,0.000000000000000,-72.7232971,67.3839035
673,0.000000000000000,-72.7230988,67.3840027
674,0.000000000000000,-72.7228012,67.3841019
675,0.000000000000000,-72.7225037,67.3842010
676,0.000000000000000,-72.7222977,67.3843002
677,0.000000000000000,-72.7220001,67.3844986
678,0.000000000000000,-72.7217026,67.3845978
679,0.000000000000000,-72.7214966,67.3846970
680,0.000000000000000,-72.7211990,67.3848038
681,0.000000000000000,-72.7209015,67.3850021
682,0.000000000000000,-72.7205963,67.3851013
683,0.000000000000000,-72.7203979,67.3852005
684,0.000000000000000,-72.7201004,67.3852997
685,0.000000000000000,-72.7198029,67.3854980
686,0.000000000000000,-72.7195969,67.3855972
687,0.000000000000000,-72.7192993,67.3856964
688,0.000000000000000,-72.7190018,67.3858032
689,0.000000000000000,-72.7188034,67.3859024
690,0.000000000000000,-72.7184982,67.3861008
691,0.000000000000000,-72.7182007,67.3862000
692,0.000000000000000,-72.7180023,67.3862991
693,0.000000000000000,-72.7176971,67.3863983
694,0.000000000000000,-72.7173996,67.3865967
695,0.000000000000000,-72.7172012,67.3867035
696,0.000000000000000,-72.7169037,67.3868027
697,0.000000000000000,-72.7165985,67.3869019
698,0.000000000000000,-72.7164001,67.3871002
699,0.000000000000000,-72.7161026,67.3871994
700,0.000000000000000,-72.7157974,67.3872986
701,0.000000000000000,-72.7155991,67.3873978
702,0.000000000000000,-72.7153015,67.3876038
703,0.000000000000000,-72.7149963,67.3877029
704,0.000000000000000,-72.7147980,67.3878021
705,0.000000000000000,-72.7145004,67.3879013
706,0.000000000000000,-72.7142029,67.3880005
707,0.000000000000000,-72.7139969,67.3881989
708,0.000000000000000,-72.7136993,67.3882980
709,0.000000000000000,-72.7134018,67.3883972
710,0.000000000000000,-72.7132034,67.3884964
711,0.000000000000000,-72.7128983,67.3887024
712,0.000000000000000,-72.7126007,67.3888016
713,0.000000000000000,-72.7124023,67.3889008
714,0.000000000000000,-72.7120972,67.3889999
715,0.000000000000000,-72.7117996,67.3891983
716,0.000000000000000,-72.7116013,67.3892975
717,0.000000000000000,-72.7113037,67.3893967
718,0.000000000000000,-72.7109985,67.3895035
719,0.000000000000000,-72.7108002,67.3896027
720,0.000000000000000,-72.7105026,67.3898010
721,0.000000000000000,-72.7101974,67.3899002
722,0.000000000000000,-72.7099991,67.3899994
723,0.000000000000000,-72.7097015,67.3900986
724,0.000000000000000,-72.7093964,67.3902969
725,0.000000000000000,-72.7091980,67.3904037
726,0.000000000000000,-72.7089005,67.3905029
727,0.000000000000000,-72.7086029,67.3906021
728,0.000000000000000,-72.7083969,67.3908005
729,0.000000000000000,-72.7080994,67.3908997
730,0.000000000000000,-72.7078018,67.3909988
731,0.000000000000000,-72.7076035,67.3910980
732,0.000000000000000,-72.7072983,67.3912964
733,0.000000000000000,-72.7070007,67.3914032
734,0.000000000000000,-72.7067032,67.3915024
735,0.000000000000000,-72.7064972,67.3916016
736,0.000000000000000,-72.7061996,67.3917007
737,0.000000000000000,-72.7059021,67.3918991
738,0.000000000000000,-72.7057037,67.3919983
739,0.000000000000000,-72.7053986,67.3920975
740,0.000000000000000,-72.7051010,67.3921967
741,0.000000000000000,-72.7049026,67.3924026
742,0.000000000000000,-72.7045975,67.3925018
743,0.000000000000000,-72.7042999,67.3926010
744,0.000000000000000,-72.7041016,67.3927002
745,0.000000000000000,-72.7037964,67.3928986
746,0.000000000000000,-72.7034988,67.3929977
747,0.000000000000000,-72.7033005,67.3930969
748,0.000000000000000,-72.7030029,67.3932037
749,0.000000000000000,-72.7026978,67.3933029
750,0.000000000000000,-72.7024994,67.3935013
751,0.000000000000000,-72.7022018,67.3936005
752,0.000000000000000,-72.7018967,67.3936996
753,0.000000000000000,-72.7016983,67.3937988
754,0.000000000000000,-72.7014008,67.3939972
755,0.000000000000000,-72.7011032,67.3940964
756,0.000000000000000,-72.7008972,67.3942032
757,0.000000000000000,-72.7005997,67.3943024
758,0.000000000000000,-72.7003021,67.3945007
759,0.000000000000000,-72.7001038,67.3945999
760,0.000000000000000,-72.6997986,67.3946991
761,0.000000000000000,-72.6995010,67.3947983
762,0.000000000000000,-72.6993027,67.3949966
763,0.000000000000000,-72.6989975,67.3951035