lat	depth_photon	depth_ri
-7.163204660005e+01	nan	nan
-7.163213409414e+01	nan	nan
-7.163222427514e+01	nan	nan
-7.163231304881e+01	nan	nan
-7.163240181541e+01	nan	nan
-7.163249048065e+01	nan	nan
-7.163257914295e+01	nan	nan
-7.163266585569e+01	nan	nan
-7.163275602838e+01	nan	nan
-7.163284433608e+01	nan	nan
-7.163293246974e+01	nan	nan
-7.163302031310e+01	nan	nan
-7.163310975445e+01	nan	nan
-7.163320231177e+01	nan	nan
-7.163328943515e+01	nan	nan
-7.163337784068e+01	nan	nan
-7.163346709831e+01	nan	nan
-7.163355278411e+01	nan	nan
-7.163364354515e+01	nan	nan
-7.163373393399e+01	nan	nan
-7.163382134803e+01	nan	nan
-7.163390888251e+01	nan	nan
-7.163400232349e+01	nan	nan
-7.163408958571e+01	nan	nan
-7.163417680743e+01	nan	nan
-7.163426414562e+01	nan	nan
-7.163435778979e+01	nan	nan
-7.163444529462e+01	nan	nan
-7.163453294765e+01	nan	nan
-7.163462055696e+01	nan	nan
-7.163470850801e+01	nan	nan
-7.163479736296e+01	nan	nan
-7.163488661111e+01	nan	nan
-7.163497887528e+01	nan	nan
-7.163506726302e+01	nan	nan
-7.163515518480e+01	nan	nan
-7.163524420851e+01	nan	nan
-7.163533331431e+01	nan	nan
-7.163542249419e+01	nan	nan
-7.163551159259e+01	nan	nan
-7.163560070490e+01	nan	nan
-7.163568719842e+01	nan	nan
-7.163577439967e+01	nan	nan
-7.163586743299e+01	nan	nan
-7.163595622753e+01	nan	nan
-7.163604474126e+01	nan	nan
-7.163613321180e+01	nan	nan
-7.163622120586e+01	nan	nan
-7.163630913092e+01	nan	nan
-7.163639899034e+01	nan	nan
-7.163648660240e+01	nan	nan
-7.163657709781e+01	nan	nan
-7.163666378416e+01	nan	nan
-7.163675531504e+01	nan	nan
-7.163684253324e+01	nan	nan
-7.163692875791e+01	nan	nan
-7.163702103769e+01	nan	nan
-7.163710722157e+01	nan	nan
-7.163719966017e+01	nan	nan
-7.163728791971e+01	nan	nan
-7.163737858330e+01	nan	nan
-7.163746518428e+01	nan	nan
-7.163755194135e+01	nan	nan
-7.163764469347e+01	nan	nan
-7.163773226713e+01	nan	nan
-7.163782011386e+01	nan	nan
-7.163790815592e+01	nan	nan
-7.163799638394e+01	nan	nan
-7.163808472194e+01	nan	nan
-7.163817316544e+01	nan	nan
-7.163826174771e+01	nan	nan
-7.163835034529e+01	nan	nan
-7.163843902098e+01	nan	nan
-7.163853148556e+01	nan	nan
-7.163861708093e+01	nan	nan
-7.163870519120e+01	nan	nan
-7.163879389429e+01	nan	nan
-7.163888551499e+01	nan	nan
-7.163897180798e+01	nan	nan
-7.163906572277e+01	nan	nan
-7.163915398452e+01	nan	nan
-7.163924208039e+01	nan	nan
-7.163932998621e+01	-1.127794402990e+00	-8.411981822854e-01
-7.163941793834e+01	-1.211857596527e+00	-9.038991545660e-01
-7.163950581538e+01	-1.162625466908e+00	-8.671779420509e-01
-7.163959370487e+01	-1.216780374381e+00	-9.075709512797e-01
-7.163968768773e+01	-1.072597622351e+00	-8.000280617224e-01
-7.163977540491e+01	-9.827888330151e-01	-7.330415700866e-01
-7.163986327244e+01	-8.998157916794e-01	-6.711537194595e-01
-7.163995077836e+01	-9.489956398028e-01	-7.078359363040e-01
-7.164003837847e+01	-9.803633037469e-01	-7.312324186969e-01
-7.164013225146e+01	-8.788471120566e-01	-6.555136212848e-01
-7.164021985600e+01	-9.062166837610e-01	-6.759280105624e-01
-7.164030749280e+01	nan	nan
-7.164039513244e+01	nan	nan
-7.164048278914e+01	nan	nan
-7.164057568149e+01	nan	nan
-7.164066440592e+01	nan	nan
-7.164075211655e+01	nan	nan
-7.164083986336e+01	nan	nan
-7.164092762278e+01	nan	nan
-7.164101540459e+01	nan	nan
-7.164110868789e+01	nan	nan
-7.164119748431e+01	-4.751666068801e+00	-3.544168023272e+00
-7.164128523357e+01	-4.462392360509e+00	-3.328404833676e+00
-7.164137314207e+01	-5.147310806820e+00	-3.839271132110e+00
-7.164146098541e+01	-5.445067381900e+00	-4.061361514060e+00
-7.164154908265e+01	-4.987014271190e+00	-3.719709309458e+00
-7.164163961332e+01	-5.694532218406e+00	-4.247432101444e+00
-7.164172526375e+01	-5.160713250028e+00	-3.849267733295e+00
-7.164181963433e+01	-5.027527536866e+00	-3.749927304293e+00
-7.164190799991e+01	nan	nan
-7.164199584687e+01	nan	nan
-7.164208372816e+01	-5.476436917201e+00	-4.084759392258e+00
-7.164217178679e+01	-5.657196058431e+00	-4.219583843090e+00
-7.164226318952e+01	-5.749708871374e+00	-4.288587209200e+00
-7.164234786422e+01	-5.512485060784e+00	-4.111646946210e+00
-7.164243681474e+01	-6.118889052978e+00	-4.563950960676e+00
-7.164252828648e+01	-6.036137017305e+00	-4.502227953535e+00
-7.164261701744e+01	-6.074145562090e+00	-4.530577729612e+00
-7.164270299047e+01	-6.406005947847e+00	-4.778105428393e+00
-7.164279219408e+01	-6.251018419888e+00	-4.662503483171e+00
-7.164288557110e+01	-6.208504331188e+00	-4.630793116423e+00
-7.164297241589e+01	-6.318851681616e+00	-4.713098889846e+00
-7.164306226943e+01	-6.565108000401e+00	-4.896776311182e+00
-7.164314753509e+01	-6.998920358398e+00	-5.220347846944e+00
-7.164323608391e+01	-6.870488465810e+00	-5.124553192966e+00
-7.164332843966e+01	-6.976466241002e+00	-5.203599791901e+00
-7.164341585159e+01	-7.109861908204e+00	-5.303096821216e+00
-7.164350334886e+01	-6.406707320648e+00	-4.778628567650e+00
-7.164359163100e+01	-6.254760940277e+00	-4.665294950606e+00
-7.164368179620e+01	-6.845593051212e+00	-5.105984225562e+00
-7.164377289592e+01	-6.377208832323e+00	-4.756626264133e+00
-7.164386069110e+01	-6.552871926227e+00	-4.887649680187e+00
-7.164394790949e+01	-6.410722650037e+00	-4.781623517593e+00
-7.164403651840e+01	-6.418773017722e+00	-4.787628117940e+00
-7.164412458858e+01	-6.388104439359e+00	-4.764753068814e+00
-7.164421512668e+01	-5.781783800569e+00	-4.312511225904e+00
-7.164430449363e+01	-6.163114521662e+00	-4.596937809847e+00
-7.164439536989e+01	-6.361586006160e+00	-4.744973525889e+00
-7.164448431027e+01	-6.077708403504e+00	-4.533235178268e+00
-7.164457222459e+01	-5.790732795694e+00	-4.319186093603e+00
-7.164466201251e+01	-5.442390866485e+00	-4.059365157369e+00
-7.164474835071e+01	-5.269876129428e+00	-3.930690034629e+00
-7.164483879477e+01	-5.316096660377e+00	-3.965164958885e+00
-7.164492691262e+01	-5.162062815754e+00	-3.850274346054e+00
-7.164501522111e+01	-5.166747807670e+00	-3.853768783225e+00
-7.164510327322e+01	-6.120964183147e+00	-4.565498756730e+00
-7.164519177370e+01	-6.404461020718e+00	-4.776953099663e+00
-7.164528072696e+01	-5.472791182896e+00	-4.082040115534e+00
-7.164537324597e+01	-4.833662789389e+00	-3.605327656738e+00
-7.164546055267e+01	-4.435249334728e+00	-3.308159420249e+00
-7.164554795323e+01	-4.497636820734e+00	-3.354692937073e+00
-7.164563534363e+01	-4.477614553036e+00	-3.339758747696e+00
-7.164572269449e+01	-4.294569548058e+00	-3.203229319056e+00
-7.164581628761e+01	-4.260547538157e+00	-3.177853015706e+00
-7.164590364998e+01	-3.452143904736e+00	-2.574881707120e+00
-7.164599120524e+01	-3.806364474846e+00	-2.839087398259e+00
-7.164607845543e+01	-3.502245001393e+00	-2.612251063917e+00
-7.164616852707e+01	-3.278000482163e+00	-2.444991782026e+00
-7.164625972359e+01	-2.863643809875e+00	-2.135931834023e+00
-7.164634734759e+01	-2.552772162000e+00	-1.904059194451e+00
-7.164643482741e+01	-2.076865774108e+00	-1.549090604988e+00
-7.164652283630e+01	-1.736425582379e+00	-1.295163408950e+00
-7.164661092457e+01	-1.461889575837e+00	-1.090392761869e+00
-7.164670367548e+01	nan	nan
-7.164679365657e+01	nan	nan
-7.164688197475e+01	nan	nan
-7.164697034045e+01	nan	nan
-7.164705874616e+01	nan	nan
-7.164714718655e+01	nan	nan
-7.164723571895e+01	nan	nan
-7.164732414157e+01	nan	nan
-7.164741260499e+01	nan	nan
-7.164750102274e+01	nan	nan
-7.164758943097e+01	nan	nan
-7.164767786626e+01	nan	nan
-7.164777001334e+01	nan	nan
-7.164785498312e+01	nan	nan
-7.164794662783e+01	nan	nan
-7.164803506519e+01	nan	nan
-7.164812531942e+01	nan	nan
-7.164821315379e+01	nan	nan
-7.164830110002e+01	nan	nan
-7.164838897870e+01	nan	nan
-7.164847836784e+01	nan	nan
-7.164857093273e+01	nan	nan
-7.164865851979e+01	nan	nan
-7.164874616168e+01	nan	nan
-7.164883379776e+01	nan	nan
-7.164892426011e+01	nan	nan
-7.164901505775e+01	nan	nan
-7.164910248137e+01	nan	nan
-7.164918985053e+01	nan	nan
-7.164927722243e+01	nan	nan
-7.164937081426e+01	nan	nan
-7.164945821098e+01	nan	nan
-7.164954547040e+01	nan	nan
